7  -  1  :  11
7  -  1
Path is :  [7, 0, 2, 1]
0 7
[0, 1, 2, 3, 4, 5, 6, 7, 8, 9]
1 0
[0, 1, 2, 3, 4, 5, 6, 7, 8, 9]
2 2
[0, 1, 2, 3, 4, 5, 6, 7, 8, 9]
[[0, 1, 2, 3, 4, 5, 6, 7, 8, 9], [0, 1, 2, 3, 4, 5, 6, 7, 8, 9], [0, 1, 2, 3, 4, 5, 6, 7, 8, 9]]
0
------------------------------
11  -  1  :  12
11  -  1
Path is :  [11, 0, 2, 1]
0 11
[0, 1, 2, 3, 4, 5, 6, 7, 8, 9]
1 0
[1, 2, 3, 4, 5, 6, 7, 8, 9]
2 2
[1, 2, 3, 4, 5, 6, 7, 8, 9]
[[0, 1, 2, 3, 4, 5, 6, 7, 8, 9], [1, 2, 3, 4, 5, 6, 7, 8, 9], [1, 2, 3, 4, 5, 6, 7, 8, 9]]
1
------------------------------
6  -  5  :  17
6  -  5
Path is :  [6, 5]
0 6
[0, 1, 2, 3, 4, 5, 6, 7, 8, 9]
[[0, 1, 2, 3, 4, 5, 6, 7, 8, 9]]
0
------------------------------
12  -  6  :  14
12  -  6
Path is :  [12, 6]
0 12
[0, 1, 2, 3, 4, 5, 6, 7, 8, 9]
[[0, 1, 2, 3, 4, 5, 6, 7, 8, 9]]
0
------------------------------
1  -  12  :  17
1  -  12
Path is :  [1, 4, 12]
0 1
[0, 1, 2, 3, 4, 5, 6, 7, 8, 9]
1 4
[0, 1, 2, 3, 4, 5, 6, 7, 8, 9]
[[0, 1, 2, 3, 4, 5, 6, 7, 8, 9], [0, 1, 2, 3, 4, 5, 6, 7, 8, 9]]
0
------------------------------
11  -  2  :  14
11  -  2
Path is :  [11, 0, 2]
0 11
[0, 2, 3, 4, 5, 6, 7, 8, 9]
1 0
[2, 3, 4, 5, 6, 7, 8, 9]
[[0, 2, 3, 4, 5, 6, 7, 8, 9], [2, 3, 4, 5, 6, 7, 8, 9]]
2
------------------------------
5  -  4  :  19
5  -  4
Path is :  [5, 6, 12, 4]
0 5
[0, 1, 2, 3, 4, 5, 6, 7, 8, 9]
1 6
[0, 1, 2, 3, 4, 5, 6, 7, 8, 9]
2 12
[0, 1, 2, 3, 4, 5, 6, 7, 8, 9]
[[0, 1, 2, 3, 4, 5, 6, 7, 8, 9], [0, 1, 2, 3, 4, 5, 6, 7, 8, 9], [0, 1, 2, 3, 4, 5, 6, 7, 8, 9]]
0
------------------------------
2  -  10  :  15
2  -  10
Path is :  [2, 0, 11, 10]
0 2
[0, 1, 2, 3, 4, 5, 6, 7, 8, 9]
1 0
[0, 1, 2, 3, 4, 5, 6, 7, 8, 9]
2 11
[0, 1, 2, 3, 4, 5, 6, 7, 8, 9]
[[0, 1, 2, 3, 4, 5, 6, 7, 8, 9], [0, 1, 2, 3, 4, 5, 6, 7, 8, 9], [0, 1, 2, 3, 4, 5, 6, 7, 8, 9]]
0
------------------------------
2  -  9  :  10
2  -  9
Path is :  [2, 0, 11, 9]
0 2
[1, 2, 3, 4, 5, 6, 7, 8, 9]
1 0
[1, 2, 3, 4, 5, 6, 7, 8, 9]
2 11
[0, 1, 2, 3, 4, 5, 6, 7, 8, 9]
[[1, 2, 3, 4, 5, 6, 7, 8, 9], [1, 2, 3, 4, 5, 6, 7, 8, 9], [0, 1, 2, 3, 4, 5, 6, 7, 8, 9]]
1
------------------------------
7  -  0  :  14
7  -  0
Path is :  [7, 0]
0 7
[1, 2, 3, 4, 5, 6, 7, 8, 9]
[[1, 2, 3, 4, 5, 6, 7, 8, 9]]
1
------------------------------
9  -  10  :  16
9  -  10
Path is :  [9, 11, 10]
0 9
[0, 1, 2, 3, 4, 5, 6, 7, 8, 9]
1 11
[1, 2, 3, 4, 5, 6, 7, 8, 9]
[[0, 1, 2, 3, 4, 5, 6, 7, 8, 9], [1, 2, 3, 4, 5, 6, 7, 8, 9]]
1
------------------------------
2  -  5  :  14
2  -  5
Path is :  [2, 0, 7, 6, 5]
0 2
[2, 3, 4, 5, 6, 7, 8, 9]
1 0
[0, 1, 2, 3, 4, 5, 6, 7, 8, 9]
2 7
[0, 1, 2, 3, 4, 5, 6, 7, 8, 9]
3 6
[1, 2, 3, 4, 5, 6, 7, 8, 9]
[[2, 3, 4, 5, 6, 7, 8, 9], [0, 1, 2, 3, 4, 5, 6, 7, 8, 9], [0, 1, 2, 3, 4, 5, 6, 7, 8, 9], [1, 2, 3, 4, 5, 6, 7, 8, 9]]
2
------------------------------
0  -  3  :  14
0  -  3
Path is :  [0, 11, 12, 3]
0 0
[2, 3, 4, 5, 6, 7, 8, 9]
1 11
[0, 1, 2, 3, 4, 5, 6, 7, 8, 9]
2 12
[0, 1, 2, 3, 4, 5, 6, 7, 8, 9]
[[2, 3, 4, 5, 6, 7, 8, 9], [0, 1, 2, 3, 4, 5, 6, 7, 8, 9], [0, 1, 2, 3, 4, 5, 6, 7, 8, 9]]
2
------------------------------
4  -  5  :  14
4  -  5
Path is :  [4, 12, 6, 5]
0 4
[1, 2, 3, 4, 5, 6, 7, 8, 9]
1 12
[1, 2, 3, 4, 5, 6, 7, 8, 9]
2 6
[1, 3, 4, 5, 6, 7, 8, 9]
[[1, 2, 3, 4, 5, 6, 7, 8, 9], [1, 2, 3, 4, 5, 6, 7, 8, 9], [1, 3, 4, 5, 6, 7, 8, 9]]
1
------------------------------
0  -  3  :  10
0  -  3
Path is :  [0, 11, 12, 3]
0 0
[3, 4, 5, 6, 7, 8, 9]
1 11
[0, 1, 3, 4, 5, 6, 7, 8, 9]
2 12
[0, 1, 3, 4, 5, 6, 7, 8, 9]
[[3, 4, 5, 6, 7, 8, 9], [0, 1, 3, 4, 5, 6, 7, 8, 9], [0, 1, 3, 4, 5, 6, 7, 8, 9]]
3
------------------------------
6  -  7  :  12
6  -  7
Path is :  [6, 7]
0 6
[0, 1, 2, 3, 4, 5, 6, 7, 8, 9]
[[0, 1, 2, 3, 4, 5, 6, 7, 8, 9]]
0
------------------------------
8  -  6  :  12
8  -  6
Path is :  [8, 9, 5, 6]
0 8
[0, 1, 2, 3, 4, 5, 6, 7, 8, 9]
1 9
[0, 1, 2, 3, 4, 5, 6, 7, 8, 9]
2 5
[1, 2, 3, 4, 5, 6, 7, 8, 9]
[[0, 1, 2, 3, 4, 5, 6, 7, 8, 9], [0, 1, 2, 3, 4, 5, 6, 7, 8, 9], [1, 2, 3, 4, 5, 6, 7, 8, 9]]
1
------------------------------
9  -  1  :  17
9  -  1
Path is :  [9, 11, 0, 2, 1]
0 9
[0, 2, 3, 4, 5, 6, 7, 8, 9]
1 11
[0, 1, 3, 4, 5, 6, 7, 8, 9]
2 0
[0, 1, 3, 4, 5, 6, 7, 8, 9]
3 2
[0, 1, 2, 3, 4, 5, 6, 7, 8, 9]
[[0, 2, 3, 4, 5, 6, 7, 8, 9], [0, 1, 3, 4, 5, 6, 7, 8, 9], [0, 1, 3, 4, 5, 6, 7, 8, 9], [0, 1, 2, 3, 4, 5, 6, 7, 8, 9]]
0
------------------------------
1  -  3  :  17
1  -  3
Path is :  [1, 4, 12, 3]
0 1
[1, 2, 3, 4, 5, 6, 7, 8, 9]
1 4
[2, 3, 4, 5, 6, 7, 8, 9]
2 12
[0, 1, 4, 5, 6, 7, 8, 9]
[[1, 2, 3, 4, 5, 6, 7, 8, 9], [2, 3, 4, 5, 6, 7, 8, 9], [0, 1, 4, 5, 6, 7, 8, 9]]
4
------------------------------
10  -  3  :  14
10  -  3
Path is :  [10, 11, 12, 3]
0 10
[0, 1, 2, 3, 4, 5, 6, 7, 8, 9]
1 11
[0, 1, 4, 5, 6, 7, 8, 9]
2 12
[0, 1, 5, 6, 7, 8, 9]
[[0, 1, 2, 3, 4, 5, 6, 7, 8, 9], [0, 1, 4, 5, 6, 7, 8, 9], [0, 1, 5, 6, 7, 8, 9]]
0
------------------------------
1  -  6  :  19
1  -  6
Path is :  [1, 4, 12, 6]
0 1
[1, 2, 3, 5, 6, 7, 8, 9]
1 4
[2, 3, 5, 6, 7, 8, 9]
2 12
[0, 2, 3, 4, 5, 6, 7, 8, 9]
[[1, 2, 3, 5, 6, 7, 8, 9], [2, 3, 5, 6, 7, 8, 9], [0, 2, 3, 4, 5, 6, 7, 8, 9]]
2
------------------------------
3  -  1  :  17
3  -  1
Path is :  [3, 12, 4, 1]
0 3
[0, 1, 2, 3, 4, 5, 6, 7, 8, 9]
1 12
[1, 2, 3, 4, 5, 6, 7, 8, 9]
2 4
[0, 1, 2, 3, 4, 5, 6, 7, 8, 9]
[[0, 1, 2, 3, 4, 5, 6, 7, 8, 9], [1, 2, 3, 4, 5, 6, 7, 8, 9], [0, 1, 2, 3, 4, 5, 6, 7, 8, 9]]
1
------------------------------
9  -  10  :  15
9  -  10
Path is :  [9, 11, 10]
0 9
[2, 3, 4, 5, 6, 7, 8, 9]
1 11
[0, 2, 3, 4, 5, 6, 7, 8, 9]
[[2, 3, 4, 5, 6, 7, 8, 9], [0, 2, 3, 4, 5, 6, 7, 8, 9]]
2
------------------------------
5  -  9  :  16
5  -  9
Path is :  [5, 9]
0 5
[0, 1, 2, 3, 4, 5, 6, 7, 8, 9]
[[0, 1, 2, 3, 4, 5, 6, 7, 8, 9]]
0
------------------------------
3  -  12  :  16
3  -  12
Path is :  [3, 12]
0 3
[0, 2, 3, 4, 5, 6, 7, 8, 9]
[[0, 2, 3, 4, 5, 6, 7, 8, 9]]
0
------------------------------
8  -  11  :  12
8  -  11
Path is :  [8, 9, 11]
0 8
[0, 2, 3, 4, 5, 6, 7, 8, 9]
1 9
[3, 4, 5, 6, 7, 8, 9]
[[0, 2, 3, 4, 5, 6, 7, 8, 9], [3, 4, 5, 6, 7, 8, 9]]
3
------------------------------
0  -  5  :  17
0  -  5
Path is :  [0, 7, 6, 5]
0 0
[0, 1, 2, 3, 4, 5, 6, 7, 8, 9]
1 7
[0, 1, 2, 3, 4, 5, 6, 7, 8, 9]
2 6
[0, 2, 3, 4, 5, 6, 7, 8, 9]
[[0, 1, 2, 3, 4, 5, 6, 7, 8, 9], [0, 1, 2, 3, 4, 5, 6, 7, 8, 9], [0, 2, 3, 4, 5, 6, 7, 8, 9]]
0
------------------------------
7  -  10  :  13
7  -  10
Path is :  [7, 0, 11, 10]
0 7
[0, 1, 2, 3, 4, 5, 6, 7, 8, 9]
1 0
[0, 1, 2, 3, 4, 5, 6, 7, 8, 9]
2 11
[0, 1, 3, 4, 5, 6, 7, 8, 9]
[[0, 1, 2, 3, 4, 5, 6, 7, 8, 9], [0, 1, 2, 3, 4, 5, 6, 7, 8, 9], [0, 1, 3, 4, 5, 6, 7, 8, 9]]
0
------------------------------
1  -  6  :  19
1  -  6
Path is :  [1, 4, 12, 6]
0 1
[0, 1, 3, 5, 6, 7, 8, 9]
1 4
[0, 1, 3, 5, 6, 7, 8, 9]
2 12
[0, 1, 3, 4, 5, 6, 7, 8, 9]
[[0, 1, 3, 5, 6, 7, 8, 9], [0, 1, 3, 5, 6, 7, 8, 9], [0, 1, 3, 4, 5, 6, 7, 8, 9]]
0
------------------------------
1  -  9  :  19
1  -  9
Path is :  [1, 2, 0, 11, 9]
0 1
[0, 1, 2, 3, 4, 5, 6, 7, 8, 9]
1 2
[0, 1, 2, 3, 4, 5, 6, 7, 8, 9]
2 0
[1, 2, 3, 4, 5, 6, 7, 8, 9]
3 11
[0, 1, 2, 3, 4, 5, 6, 7, 8, 9]
[[0, 1, 2, 3, 4, 5, 6, 7, 8, 9], [0, 1, 2, 3, 4, 5, 6, 7, 8, 9], [1, 2, 3, 4, 5, 6, 7, 8, 9], [0, 1, 2, 3, 4, 5, 6, 7, 8, 9]]
1
------------------------------
8  -  5  :  16
8  -  5
Path is :  [8, 9, 5]
0 8
[0, 1, 2, 4, 5, 6, 7, 8, 9]
1 9
[0, 1, 2, 3, 4, 5, 6, 7, 8, 9]
[[0, 1, 2, 4, 5, 6, 7, 8, 9], [0, 1, 2, 3, 4, 5, 6, 7, 8, 9]]
0
------------------------------
9  -  10  :  10
9  -  10
Path is :  [9, 11, 10]
0 9
[1, 4, 5, 6, 7, 8, 9]
1 11
[1, 3, 4, 5, 6, 7, 8, 9]
[[1, 4, 5, 6, 7, 8, 9], [1, 3, 4, 5, 6, 7, 8, 9]]
1
------------------------------
10  -  8  :  11
10  -  8
Path is :  [10, 11, 9, 8]
0 10
[1, 2, 3, 4, 5, 6, 7, 8, 9]
1 11
[0, 2, 3, 4, 5, 6, 7, 8, 9]
2 9
[0, 1, 2, 3, 4, 5, 6, 7, 8, 9]
[[1, 2, 3, 4, 5, 6, 7, 8, 9], [0, 2, 3, 4, 5, 6, 7, 8, 9], [0, 1, 2, 3, 4, 5, 6, 7, 8, 9]]
2
------------------------------
5  -  3  :  11
5  -  3
Path is :  [5, 6, 12, 3]
0 5
[0, 1, 2, 3, 4, 5, 6, 7, 8, 9]
1 6
[0, 1, 2, 3, 4, 5, 6, 7, 8, 9]
2 12
[0, 1, 2, 3, 5, 6, 7, 8, 9]
[[0, 1, 2, 3, 4, 5, 6, 7, 8, 9], [0, 1, 2, 3, 4, 5, 6, 7, 8, 9], [0, 1, 2, 3, 5, 6, 7, 8, 9]]
0
------------------------------
4  -  2  :  19
4  -  2
Path is :  [4, 1, 2]
0 4
[0, 2, 3, 4, 5, 6, 7, 8, 9]
1 1
[0, 2, 3, 4, 5, 6, 7, 8, 9]
[[0, 2, 3, 4, 5, 6, 7, 8, 9], [0, 2, 3, 4, 5, 6, 7, 8, 9]]
0
------------------------------
11  -  12  :  12
11  -  12
Path is :  [11, 12]
0 11
[0, 1, 2, 3, 4, 5, 6, 7, 8, 9]
[[0, 1, 2, 3, 4, 5, 6, 7, 8, 9]]
0
------------------------------
7  -  1  :  15
7  -  1
Path is :  [7, 0, 2, 1]
0 7
[1, 2, 3, 4, 5, 6, 7, 8, 9]
1 0
[0, 1, 2, 3, 4, 5, 6, 7, 8, 9]
2 2
[0, 1, 2, 3, 4, 5, 6, 7, 8, 9]
[[1, 2, 3, 4, 5, 6, 7, 8, 9], [0, 1, 2, 3, 4, 5, 6, 7, 8, 9], [0, 1, 2, 3, 4, 5, 6, 7, 8, 9]]
1
------------------------------
7  -  10  :  11
7  -  10
Path is :  [7, 0, 11, 10]
0 7
[2, 3, 4, 5, 6, 7, 8, 9]
1 0
[2, 3, 4, 5, 6, 7, 8, 9]
2 11
[2, 3, 4, 5, 6, 7, 8, 9]
[[2, 3, 4, 5, 6, 7, 8, 9], [2, 3, 4, 5, 6, 7, 8, 9], [2, 3, 4, 5, 6, 7, 8, 9]]
2
------------------------------
9  -  6  :  12
9  -  6
Path is :  [9, 5, 6]
0 9
[1, 2, 3, 4, 5, 6, 7, 8, 9]
1 5
[1, 2, 3, 4, 5, 6, 7, 8, 9]
[[1, 2, 3, 4, 5, 6, 7, 8, 9], [1, 2, 3, 4, 5, 6, 7, 8, 9]]
1
------------------------------
2  -  5  :  12
2  -  5
Path is :  [2, 0, 7, 6, 5]
0 2
[0, 2, 3, 4, 5, 6, 7, 8, 9]
1 0
[1, 2, 3, 4, 5, 6, 7, 8, 9]
2 7
[1, 2, 3, 4, 5, 6, 7, 8, 9]
3 6
[1, 2, 3, 4, 5, 6, 7, 8, 9]
[[0, 2, 3, 4, 5, 6, 7, 8, 9], [1, 2, 3, 4, 5, 6, 7, 8, 9], [1, 2, 3, 4, 5, 6, 7, 8, 9], [1, 2, 3, 4, 5, 6, 7, 8, 9]]
2
------------------------------
9  -  4  :  13
9  -  4
Path is :  [9, 11, 12, 4]
0 9
[0, 2, 3, 4, 5, 6, 7, 8, 9]
1 11
[1, 2, 3, 4, 5, 6, 7, 8, 9]
2 12
[0, 1, 2, 3, 4, 5, 6, 7, 8, 9]
[[0, 2, 3, 4, 5, 6, 7, 8, 9], [1, 2, 3, 4, 5, 6, 7, 8, 9], [0, 1, 2, 3, 4, 5, 6, 7, 8, 9]]
2
------------------------------
10  -  5  :  12
10  -  5
Path is :  [10, 11, 9, 5]
0 10
[0, 1, 3, 4, 5, 6, 7, 8, 9]
1 11
[0, 3, 4, 5, 6, 7, 8, 9]
2 9
[2, 3, 4, 5, 6, 7, 8, 9]
[[0, 1, 3, 4, 5, 6, 7, 8, 9], [0, 3, 4, 5, 6, 7, 8, 9], [2, 3, 4, 5, 6, 7, 8, 9]]
3
------------------------------
4  -  2  :  16
4  -  2
Path is :  [4, 1, 2]
0 4
[1, 2, 3, 4, 5, 6, 7, 8, 9]
1 1
[2, 3, 4, 5, 6, 7, 8, 9]
[[1, 2, 3, 4, 5, 6, 7, 8, 9], [2, 3, 4, 5, 6, 7, 8, 9]]
2
------------------------------
11  -  8  :  19
11  -  8
Path is :  [11, 9, 8]
0 11
[0, 2, 4, 5, 6, 7, 8, 9]
1 9
[0, 1, 2, 3, 4, 5, 6, 7, 8, 9]
[[0, 2, 4, 5, 6, 7, 8, 9], [0, 1, 2, 3, 4, 5, 6, 7, 8, 9]]
0
------------------------------
11  -  2  :  18
11  -  2
Path is :  [11, 0, 2]
0 11
[0, 1, 2, 3, 4, 5, 6, 7, 8, 9]
1 0
[0, 2, 3, 4, 5, 6, 7, 8, 9]
[[0, 1, 2, 3, 4, 5, 6, 7, 8, 9], [0, 2, 3, 4, 5, 6, 7, 8, 9]]
0
------------------------------
8  -  6  :  17
8  -  6
Path is :  [8, 9, 5, 6]
0 8
[1, 2, 3, 4, 5, 6, 7, 8, 9]
1 9
[2, 4, 5, 6, 7, 8, 9]
2 5
[0, 2, 3, 4, 5, 6, 7, 8, 9]
[[1, 2, 3, 4, 5, 6, 7, 8, 9], [2, 4, 5, 6, 7, 8, 9], [0, 2, 3, 4, 5, 6, 7, 8, 9]]
2
------------------------------
11  -  7  :  11
11  -  7
Path is :  [11, 0, 7]
0 11
[1, 2, 3, 4, 5, 6, 7, 8, 9]
1 0
[0, 1, 3, 4, 5, 6, 7, 8, 9]
[[1, 2, 3, 4, 5, 6, 7, 8, 9], [0, 1, 3, 4, 5, 6, 7, 8, 9]]
1
------------------------------
0  -  12  :  18
0  -  12
Path is :  [0, 11, 12]
0 0
[0, 3, 4, 5, 6, 7, 8, 9]
1 11
[0, 1, 3, 4, 5, 6, 7, 8, 9]
[[0, 3, 4, 5, 6, 7, 8, 9], [0, 1, 3, 4, 5, 6, 7, 8, 9]]
0
------------------------------
2  -  1  :  14
2  -  1
Path is :  [2, 1]
0 2
[0, 2, 3, 4, 5, 6, 7, 8, 9]
[[0, 2, 3, 4, 5, 6, 7, 8, 9]]
0
------------------------------
1  -  11  :  14
1  -  11
Path is :  [1, 2, 0, 11]
0 1
[1, 3, 4, 5, 6, 7, 8, 9]
1 2
[0, 1, 3, 4, 5, 6, 7, 8, 9]
2 0
[1, 2, 3, 4, 5, 6, 7, 8, 9]
[[1, 3, 4, 5, 6, 7, 8, 9], [0, 1, 3, 4, 5, 6, 7, 8, 9], [1, 2, 3, 4, 5, 6, 7, 8, 9]]
1
------------------------------
11  -  7  :  15
11  -  7
Path is :  [11, 0, 7]
0 11
[2, 3, 4, 5, 6, 7, 8, 9]
1 0
[0, 3, 4, 5, 6, 7, 8, 9]
[[2, 3, 4, 5, 6, 7, 8, 9], [0, 3, 4, 5, 6, 7, 8, 9]]
3
------------------------------
11  -  7  :  16
11  -  7
Path is :  [11, 0, 7]
0 11
[2, 4, 5, 6, 7, 8, 9]
1 0
[0, 2, 4, 5, 6, 7, 8, 9]
[[2, 4, 5, 6, 7, 8, 9], [0, 2, 4, 5, 6, 7, 8, 9]]
2
------------------------------
12  -  9  :  18
12  -  9
Path is :  [12, 11, 9]
0 12
[0, 1, 2, 3, 4, 5, 6, 7, 8, 9]
1 11
[1, 2, 4, 5, 6, 7, 8, 9]
[[0, 1, 2, 3, 4, 5, 6, 7, 8, 9], [1, 2, 4, 5, 6, 7, 8, 9]]
1
------------------------------
6  -  8  :  15
6  -  8
Path is :  [6, 5, 9, 8]
0 6
[0, 1, 2, 3, 4, 5, 6, 7, 8, 9]
1 5
[0, 1, 2, 3, 4, 5, 6, 7, 8, 9]
2 9
[1, 2, 3, 4, 5, 6, 7, 8, 9]
[[0, 1, 2, 3, 4, 5, 6, 7, 8, 9], [0, 1, 2, 3, 4, 5, 6, 7, 8, 9], [1, 2, 3, 4, 5, 6, 7, 8, 9]]
1
------------------------------
0  -  2  :  18
0  -  2
Path is :  [0, 2]
0 0
[1, 2, 3, 4, 5, 6, 7, 8, 9]
[[1, 2, 3, 4, 5, 6, 7, 8, 9]]
1
------------------------------
0  -  8  :  10
0  -  8
Path is :  [0, 11, 9, 8]
0 0
[2, 3, 4, 5, 6, 7, 8, 9]
1 11
[2, 3, 4, 5, 6, 7, 8, 9]
2 9
[2, 3, 4, 5, 6, 7, 8, 9]
[[2, 3, 4, 5, 6, 7, 8, 9], [2, 3, 4, 5, 6, 7, 8, 9], [2, 3, 4, 5, 6, 7, 8, 9]]
2
------------------------------
3  -  7  :  14
3  -  7
Path is :  [3, 12, 6, 7]
0 3
[0, 1, 2, 3, 4, 5, 6, 7, 8, 9]
1 12
[0, 1, 2, 3, 4, 5, 6, 7, 8, 9]
2 6
[0, 1, 2, 3, 4, 5, 6, 7, 8, 9]
[[0, 1, 2, 3, 4, 5, 6, 7, 8, 9], [0, 1, 2, 3, 4, 5, 6, 7, 8, 9], [0, 1, 2, 3, 4, 5, 6, 7, 8, 9]]
0
------------------------------
9  -  0  :  13
9  -  0
Path is :  [9, 11, 0]
0 9
[0, 1, 2, 3, 4, 5, 6, 7, 8, 9]
1 11
[1, 4, 5, 6, 7, 8, 9]
[[0, 1, 2, 3, 4, 5, 6, 7, 8, 9], [1, 4, 5, 6, 7, 8, 9]]
1
------------------------------
3  -  7  :  19
3  -  7
Path is :  [3, 12, 6, 7]
0 3
[1, 2, 3, 4, 5, 6, 7, 8, 9]
1 12
[1, 2, 3, 4, 5, 6, 7, 8, 9]
2 6
[1, 2, 3, 4, 5, 6, 7, 8, 9]
[[1, 2, 3, 4, 5, 6, 7, 8, 9], [1, 2, 3, 4, 5, 6, 7, 8, 9], [1, 2, 3, 4, 5, 6, 7, 8, 9]]
1
------------------------------
11  -  6  :  12
11  -  6
Path is :  [11, 12, 6]
0 11
[1, 2, 3, 4, 5, 6, 7, 8, 9]
1 12
[2, 3, 4, 5, 6, 7, 8, 9]
[[1, 2, 3, 4, 5, 6, 7, 8, 9], [2, 3, 4, 5, 6, 7, 8, 9]]
2
------------------------------
11  -  12  :  10
11  -  12
Path is :  [11, 12]
0 11
[1, 3, 4, 5, 6, 7, 8, 9]
[[1, 3, 4, 5, 6, 7, 8, 9]]
1
------------------------------
1  -  3  :  14
1  -  3
Path is :  [1, 4, 12, 3]
0 1
[0, 1, 2, 3, 4, 5, 6, 7, 8, 9]
1 4
[0, 1, 2, 3, 4, 5, 6, 7, 8, 9]
2 12
[0, 1, 2, 3, 4, 5, 6, 7, 8, 9]
[[0, 1, 2, 3, 4, 5, 6, 7, 8, 9], [0, 1, 2, 3, 4, 5, 6, 7, 8, 9], [0, 1, 2, 3, 4, 5, 6, 7, 8, 9]]
0
------------------------------
7  -  5  :  13
7  -  5
Path is :  [7, 6, 5]
0 7
[0, 1, 2, 3, 4, 5, 6, 7, 8, 9]
1 6
[0, 2, 3, 4, 5, 6, 7, 8, 9]
[[0, 1, 2, 3, 4, 5, 6, 7, 8, 9], [0, 2, 3, 4, 5, 6, 7, 8, 9]]
0
------------------------------
11  -  8  :  14
11  -  8
Path is :  [11, 9, 8]
0 11
[0, 3, 4, 5, 6, 7, 8, 9]
1 9
[0, 3, 4, 5, 6, 7, 8, 9]
[[0, 3, 4, 5, 6, 7, 8, 9], [0, 3, 4, 5, 6, 7, 8, 9]]
0
------------------------------
9  -  0  :  16
9  -  0
Path is :  [9, 11, 0]
0 9
[0, 2, 3, 4, 5, 6, 7, 8, 9]
1 11
[0, 4, 5, 6, 7, 8, 9]
[[0, 2, 3, 4, 5, 6, 7, 8, 9], [0, 4, 5, 6, 7, 8, 9]]
0
------------------------------
11  -  6  :  18
11  -  6
Path is :  [11, 12, 6]
0 11
[0, 3, 4, 5, 6, 7, 8, 9]
1 12
[3, 4, 5, 6, 7, 8, 9]
[[0, 3, 4, 5, 6, 7, 8, 9], [3, 4, 5, 6, 7, 8, 9]]
3
------------------------------
11  -  2  :  17
11  -  2
Path is :  [11, 0, 2]
0 11
[3, 4, 5, 6, 7, 8, 9]
1 0
[0, 2, 3, 4, 5, 6, 7, 8, 9]
[[3, 4, 5, 6, 7, 8, 9], [0, 2, 3, 4, 5, 6, 7, 8, 9]]
3
------------------------------
4  -  9  :  17
4  -  9
Path is :  [4, 12, 11, 9]
0 4
[1, 2, 3, 4, 5, 6, 7, 8, 9]
1 12
[0, 2, 3, 4, 5, 6, 7, 8, 9]
2 11
[2, 3, 4, 5, 6, 7, 8, 9]
[[1, 2, 3, 4, 5, 6, 7, 8, 9], [0, 2, 3, 4, 5, 6, 7, 8, 9], [2, 3, 4, 5, 6, 7, 8, 9]]
2
------------------------------
0  -  6  :  10
0  -  6
Path is :  [0, 7, 6]
0 0
[0, 1, 2, 3, 4, 5, 6, 7, 8, 9]
1 7
[1, 2, 3, 4, 5, 6, 7, 8, 9]
[[0, 1, 2, 3, 4, 5, 6, 7, 8, 9], [1, 2, 3, 4, 5, 6, 7, 8, 9]]
1
------------------------------
3  -  8  :  10
3  -  8
Path is :  [3, 12, 11, 9, 8]
0 3
[2, 3, 4, 5, 6, 7, 8, 9]
1 12
[0, 3, 4, 5, 6, 7, 8, 9]
2 11
[3, 4, 5, 6, 7, 8, 9]
3 9
[1, 2, 3, 4, 5, 6, 7, 8, 9]
[[2, 3, 4, 5, 6, 7, 8, 9], [0, 3, 4, 5, 6, 7, 8, 9], [3, 4, 5, 6, 7, 8, 9], [1, 2, 3, 4, 5, 6, 7, 8, 9]]
3
------------------------------
1  -  8  :  14
1  -  8
Path is :  [1, 2, 0, 11, 9, 8]
0 1
[0, 1, 2, 3, 4, 5, 6, 7, 8, 9]
1 2
[0, 1, 2, 3, 4, 5, 6, 7, 8, 9]
2 0
[0, 1, 2, 3, 4, 5, 6, 7, 8, 9]
3 11
[1, 4, 5, 6, 7, 8, 9]
4 9
[1, 2, 4, 5, 6, 7, 8, 9]
[[0, 1, 2, 3, 4, 5, 6, 7, 8, 9], [0, 1, 2, 3, 4, 5, 6, 7, 8, 9], [0, 1, 2, 3, 4, 5, 6, 7, 8, 9], [1, 4, 5, 6, 7, 8, 9], [1, 2, 4, 5, 6, 7, 8, 9]]
1
------------------------------
10  -  8  :  19
10  -  8
Path is :  [10, 11, 9, 8]
0 10
[0, 1, 2, 3, 4, 5, 6, 7, 8, 9]
1 11
[4, 5, 6, 7, 8, 9]
2 9
[2, 4, 5, 6, 7, 8, 9]
[[0, 1, 2, 3, 4, 5, 6, 7, 8, 9], [4, 5, 6, 7, 8, 9], [2, 4, 5, 6, 7, 8, 9]]
4
------------------------------
1  -  2  :  18
1  -  2
Path is :  [1, 2]
0 1
[0, 2, 3, 4, 5, 6, 7, 8, 9]
[[0, 2, 3, 4, 5, 6, 7, 8, 9]]
0
------------------------------
0  -  6  :  17
0  -  6
Path is :  [0, 7, 6]
0 0
[0, 2, 3, 4, 5, 6, 7, 8, 9]
1 7
[2, 3, 4, 5, 6, 7, 8, 9]
[[0, 2, 3, 4, 5, 6, 7, 8, 9], [2, 3, 4, 5, 6, 7, 8, 9]]
2
------------------------------
0  -  1  :  16
0  -  1
Path is :  [0, 2, 1]
0 0
[0, 1, 2, 4, 5, 6, 7, 8, 9]
1 2
[0, 1, 2, 3, 4, 5, 6, 7, 8, 9]
[[0, 1, 2, 4, 5, 6, 7, 8, 9], [0, 1, 2, 3, 4, 5, 6, 7, 8, 9]]
0
------------------------------
11  -  7  :  10
11  -  7
Path is :  [11, 0, 7]
0 11
[1, 2, 4, 5, 6, 7, 8, 9]
1 0
[0, 3, 4, 5, 6, 7, 8, 9]
[[1, 2, 4, 5, 6, 7, 8, 9], [0, 3, 4, 5, 6, 7, 8, 9]]
4
------------------------------
2  -  3  :  16
2  -  3
Path is :  [2, 0, 11, 12, 3]
0 2
[0, 2, 3, 4, 5, 6, 7, 8, 9]
1 0
[0, 2, 3, 4, 5, 6, 7, 8, 9]
2 11
[0, 1, 2, 4, 5, 6, 7, 8, 9]
3 12
[0, 1, 2, 3, 4, 5, 6, 7, 8, 9]
[[0, 2, 3, 4, 5, 6, 7, 8, 9], [0, 2, 3, 4, 5, 6, 7, 8, 9], [0, 1, 2, 4, 5, 6, 7, 8, 9], [0, 1, 2, 3, 4, 5, 6, 7, 8, 9]]
0
------------------------------
5  -  7  :  13
5  -  7
Path is :  [5, 6, 7]
0 5
[0, 1, 2, 3, 4, 5, 6, 7, 8, 9]
1 6
[0, 1, 2, 3, 4, 5, 6, 7, 8, 9]
[[0, 1, 2, 3, 4, 5, 6, 7, 8, 9], [0, 1, 2, 3, 4, 5, 6, 7, 8, 9]]
0
------------------------------
0  -  6  :  14
0  -  6
Path is :  [0, 7, 6]
0 0
[0, 1, 3, 5, 6, 7, 8, 9]
1 7
[0, 1, 3, 4, 5, 6, 7, 8, 9]
[[0, 1, 3, 5, 6, 7, 8, 9], [0, 1, 3, 4, 5, 6, 7, 8, 9]]
0
------------------------------
10  -  2  :  16
10  -  2
Path is :  [10, 11, 0, 2]
0 10
[0, 1, 2, 3, 5, 6, 7, 8, 9]
1 11
[1, 2, 5, 6, 7, 8, 9]
2 0
[1, 2, 4, 5, 6, 7, 8, 9]
[[0, 1, 2, 3, 5, 6, 7, 8, 9], [1, 2, 5, 6, 7, 8, 9], [1, 2, 4, 5, 6, 7, 8, 9]]
1
------------------------------
3  -  12  :  17
3  -  12
Path is :  [3, 12]
0 3
[0, 1, 2, 3, 4, 5, 6, 7, 8, 9]
[[0, 1, 2, 3, 4, 5, 6, 7, 8, 9]]
0
------------------------------
0  -  5  :  12
0  -  5
Path is :  [0, 7, 6, 5]
0 0
[1, 3, 5, 6, 7, 8, 9]
1 7
[1, 3, 4, 5, 6, 7, 8, 9]
2 6
[0, 1, 2, 3, 4, 5, 6, 7, 8, 9]
[[1, 3, 5, 6, 7, 8, 9], [1, 3, 4, 5, 6, 7, 8, 9], [0, 1, 2, 3, 4, 5, 6, 7, 8, 9]]
1
------------------------------
8  -  11  :  17
8  -  11
Path is :  [8, 9, 11]
0 8
[0, 1, 2, 3, 4, 5, 6, 7, 8, 9]
1 9
[0, 1, 2, 3, 4, 5, 6, 7, 8, 9]
[[0, 1, 2, 3, 4, 5, 6, 7, 8, 9], [0, 1, 2, 3, 4, 5, 6, 7, 8, 9]]
0
------------------------------
12  -  2  :  10
12  -  2
Path is :  [12, 11, 0, 2]
0 12
[0, 1, 3, 4, 5, 6, 7, 8, 9]
1 11
[0, 2, 3, 5, 6, 7, 8, 9]
2 0
[2, 3, 4, 5, 6, 7, 8, 9]
[[0, 1, 3, 4, 5, 6, 7, 8, 9], [0, 2, 3, 5, 6, 7, 8, 9], [2, 3, 4, 5, 6, 7, 8, 9]]
3
------------------------------
0  -  1  :  12
0  -  1
Path is :  [0, 2, 1]
0 0
[2, 4, 5, 6, 7, 8, 9]
1 2
[1, 2, 3, 4, 5, 6, 7, 8, 9]
[[2, 4, 5, 6, 7, 8, 9], [1, 2, 3, 4, 5, 6, 7, 8, 9]]
2
------------------------------
1  -  3  :  13
1  -  3
Path is :  [1, 4, 12, 3]
0 1
[0, 1, 2, 3, 4, 5, 6, 7, 8, 9]
1 4
[0, 1, 2, 3, 4, 5, 6, 7, 8, 9]
2 12
[1, 2, 3, 4, 5, 6, 7, 8, 9]
[[0, 1, 2, 3, 4, 5, 6, 7, 8, 9], [0, 1, 2, 3, 4, 5, 6, 7, 8, 9], [1, 2, 3, 4, 5, 6, 7, 8, 9]]
1
------------------------------
6  -  11  :  16
6  -  11
Path is :  [6, 12, 11]
0 6
[0, 1, 2, 3, 4, 5, 6, 7, 8, 9]
1 12
[0, 1, 2, 4, 5, 6, 7, 8, 9]
[[0, 1, 2, 3, 4, 5, 6, 7, 8, 9], [0, 1, 2, 4, 5, 6, 7, 8, 9]]
0
------------------------------
2  -  11  :  17
2  -  11
Path is :  [2, 0, 11]
0 2
[1, 2, 3, 4, 5, 6, 7, 8, 9]
1 0
[1, 2, 3, 4, 5, 6, 7, 8, 9]
[[1, 2, 3, 4, 5, 6, 7, 8, 9], [1, 2, 3, 4, 5, 6, 7, 8, 9]]
1
------------------------------
0  -  8  :  16
0  -  8
Path is :  [0, 11, 9, 8]
0 0
[2, 3, 4, 5, 6, 7, 8, 9]
1 11
[0, 1, 2, 3, 5, 6, 7, 8, 9]
2 9
[0, 1, 2, 3, 5, 6, 7, 8, 9]
[[2, 3, 4, 5, 6, 7, 8, 9], [0, 1, 2, 3, 5, 6, 7, 8, 9], [0, 1, 2, 3, 5, 6, 7, 8, 9]]
2
------------------------------
5  -  1  :  11
5  -  1
Path is :  [5, 6, 12, 4, 1]
0 5
[1, 2, 3, 4, 5, 6, 7, 8, 9]
1 6
[1, 2, 3, 4, 5, 6, 7, 8, 9]
2 12
[0, 1, 2, 3, 4, 5, 6, 7, 8, 9]
3 4
[0, 1, 2, 3, 4, 5, 6, 7, 8, 9]
[[1, 2, 3, 4, 5, 6, 7, 8, 9], [1, 2, 3, 4, 5, 6, 7, 8, 9], [0, 1, 2, 3, 4, 5, 6, 7, 8, 9], [0, 1, 2, 3, 4, 5, 6, 7, 8, 9]]
1
------------------------------
12  -  6  :  17
12  -  6
Path is :  [12, 6]
0 12
[0, 1, 2, 3, 4, 5, 6, 7, 8, 9]
[[0, 1, 2, 3, 4, 5, 6, 7, 8, 9]]
0
------------------------------
4  -  12  :  17
4  -  12
Path is :  [4, 12]
0 4
[0, 2, 3, 4, 5, 6, 7, 8, 9]
[[0, 2, 3, 4, 5, 6, 7, 8, 9]]
0
------------------------------
12  -  5  :  12
12  -  5
Path is :  [12, 6, 5]
0 12
[1, 2, 3, 4, 5, 6, 7, 8, 9]
1 6
[0, 2, 3, 4, 5, 6, 7, 8, 9]
[[1, 2, 3, 4, 5, 6, 7, 8, 9], [0, 2, 3, 4, 5, 6, 7, 8, 9]]
2
------------------------------
8  -  2  :  11
8  -  2
Path is :  [8, 9, 11, 0, 2]
0 8
[1, 2, 3, 4, 5, 6, 7, 8, 9]
1 9
[1, 2, 3, 4, 5, 6, 7, 8, 9]
2 11
[0, 2, 3, 4, 5, 6, 7, 8, 9]
3 0
[0, 3, 4, 5, 6, 7, 8, 9]
[[1, 2, 3, 4, 5, 6, 7, 8, 9], [1, 2, 3, 4, 5, 6, 7, 8, 9], [0, 2, 3, 4, 5, 6, 7, 8, 9], [0, 3, 4, 5, 6, 7, 8, 9]]
3
------------------------------
6  -  1  :  14
6  -  1
Path is :  [6, 12, 4, 1]
0 6
[2, 3, 4, 5, 6, 7, 8, 9]
1 12
[0, 2, 3, 4, 5, 6, 7, 8, 9]
2 4
[0, 2, 3, 4, 5, 6, 7, 8, 9]
[[2, 3, 4, 5, 6, 7, 8, 9], [0, 2, 3, 4, 5, 6, 7, 8, 9], [0, 2, 3, 4, 5, 6, 7, 8, 9]]
2
------------------------------
3  -  2  :  10
3  -  2
Path is :  [3, 12, 11, 0, 2]
0 3
[1, 2, 3, 4, 5, 6, 7, 8, 9]
1 12
[1, 2, 3, 4, 5, 6, 7, 8, 9]
2 11
[0, 1, 2, 4, 5, 6, 7, 8, 9]
3 0
[0, 1, 4, 5, 6, 7, 8, 9]
[[1, 2, 3, 4, 5, 6, 7, 8, 9], [1, 2, 3, 4, 5, 6, 7, 8, 9], [0, 1, 2, 4, 5, 6, 7, 8, 9], [0, 1, 4, 5, 6, 7, 8, 9]]
1
------------------------------
5  -  10  :  18
5  -  10
Path is :  [5, 9, 11, 10]
0 5
[0, 1, 2, 3, 4, 5, 6, 7, 8, 9]
1 9
[1, 2, 4, 5, 6, 7, 8, 9]
2 11
[0, 1, 2, 3, 4, 5, 6, 7, 8, 9]
[[0, 1, 2, 3, 4, 5, 6, 7, 8, 9], [1, 2, 4, 5, 6, 7, 8, 9], [0, 1, 2, 3, 4, 5, 6, 7, 8, 9]]
1
------------------------------
10  -  0  :  14
10  -  0
Path is :  [10, 11, 0]
0 10
[0, 1, 2, 3, 4, 5, 6, 7, 8, 9]
1 11
[0, 2, 4, 5, 6, 7, 8, 9]
[[0, 1, 2, 3, 4, 5, 6, 7, 8, 9], [0, 2, 4, 5, 6, 7, 8, 9]]
0
------------------------------
9  -  6  :  13
9  -  6
Path is :  [9, 5, 6]
0 9
[0, 1, 2, 3, 4, 5, 6, 7, 8, 9]
1 5
[0, 2, 3, 4, 5, 6, 7, 8, 9]
[[0, 1, 2, 3, 4, 5, 6, 7, 8, 9], [0, 2, 3, 4, 5, 6, 7, 8, 9]]
0
------------------------------
7  -  2  :  11
7  -  2
Path is :  [7, 0, 2]
0 7
[0, 1, 2, 3, 4, 5, 6, 7, 8, 9]
1 0
[0, 2, 4, 5, 6, 7, 8, 9]
[[0, 1, 2, 3, 4, 5, 6, 7, 8, 9], [0, 2, 4, 5, 6, 7, 8, 9]]
0
------------------------------
0 2
0.1
0.2
0.2
0.2
0.2
0.3
0.3
0.3
0.3
0.3
0.3
0.2
0.2
0.1
0.1
0.1
0.1
0.2
0.2
0.1
0.1
0.1
0.1
0.1
0.1
0.1
0.1
0.1
0.1
0.1
0.1
0.1
0.1
0.1
0.0
0.0
0.1
0.1
0.1
0.1
0.1
0.1
0.1
0.1
0.2
0.2
0.2
0.2
0.2
0.2
0.2
0.1
0.1
0.1
0.2
0.2
0.2
0.2
0.2
0.2
0.2
0.2
0.1
0.1
0.1
0.1
0.2
0.2
0.2
0.2
0.2
0.2
0.1
0.1
0.2
0.2
0.2
0.2
0.2
0.3
0.3
0.3
0.3
0.3
0.4
0.4
0.4
0.4
0.4
0.4
0.3
0.3
0.3
0.3
0.3
0.3
0.2
0.2
0.2
0.3
--------------------------------
0 11
0.0
0.0
0.0
0.0
0.0
0.0
0.0
0.1
0.2
0.2
0.2
0.2
0.3
0.3
0.4
0.4
0.4
0.4
0.3
0.3
0.3
0.3
0.2
0.2
0.1
0.1
0.0
0.1
0.1
0.2
0.2
0.2
0.2
0.2
0.2
0.2
0.2
0.3
0.3
0.3
0.2
0.2
0.2
0.2
0.2
0.2
0.2
0.3
0.1
0.2
0.2
0.2
0.2
0.2
0.2
0.3
0.3
0.3
0.3
0.3
0.3
0.3
0.3
0.2
0.2
0.0
0.0
0.0
0.0
0.0
0.1
0.1
0.1
0.1
0.1
0.1
0.2
0.2
0.2
0.2
0.2
0.2
0.2
0.2
0.1
0.1
0.1
0.2
0.3
0.3
0.3
0.3
0.2
0.2
0.2
0.2
0.2
0.2
0.2
0.2
--------------------------------
0 7
0.0
0.0
0.0
0.0
0.0
0.0
0.0
0.0
0.0
0.0
0.0
0.1
0.1
0.1
0.1
0.1
0.1
0.1
0.1
0.1
0.1
0.1
0.1
0.1
0.1
0.0
0.1
0.1
0.1
0.1
0.1
0.1
0.1
0.1
0.1
0.1
0.1
0.1
0.1
0.2
0.2
0.2
0.2
0.1
0.1
0.1
0.2
0.2
0.2
0.2
0.3
0.3
0.3
0.3
0.3
0.3
0.3
0.2
0.2
0.2
0.2
0.2
0.2
0.2
0.2
0.1
0.1
0.0
0.1
0.1
0.1
0.1
0.1
0.2
0.2
0.3
0.3
0.3
0.3
0.3
0.3
0.4
0.4
0.4
0.4
0.3
0.3
0.3
0.3
0.3
0.2
0.2
0.1
0.0
0.0
0.0
0.0
0.0
0.0
0.0
--------------------------------
1 2
0.0
0.0
0.0
0.0
0.0
0.0
0.0
0.0
0.0
0.0
0.0
0.0
0.0
0.0
0.0
0.0
0.0
0.0
0.0
0.0
0.0
0.0
0.0
0.0
0.0
0.0
0.0
0.0
0.0
0.1
0.1
0.1
0.1
0.1
0.2
0.2
0.2
0.2
0.2
0.2
0.2
0.2
0.3
0.3
0.3
0.3
0.3
0.3
0.2
0.3
0.3
0.3
0.3
0.2
0.2
0.2
0.2
0.2
0.1
0.1
0.1
0.1
0.1
0.0
0.0
0.0
0.0
0.0
0.0
0.0
0.1
0.1
0.2
0.2
0.2
0.2
0.2
0.2
0.2
0.2
0.2
0.2
0.2
0.2
0.1
0.1
0.1
0.1
0.1
0.1
0.0
0.0
0.0
0.0
0.0
0.0
0.0
0.0
0.0
0.0
--------------------------------
1 4
0.0
0.0
0.0
0.0
0.1
0.1
0.1
0.1
0.1
0.1
0.1
0.1
0.1
0.1
0.1
0.1
0.1
0.1
0.2
0.2
0.3
0.2
0.2
0.2
0.2
0.2
0.2
0.2
0.3
0.3
0.3
0.3
0.3
0.3
0.3
0.2
0.2
0.2
0.2
0.1
0.1
0.1
0.1
0.1
0.1
0.1
0.1
0.0
0.0
0.0
0.0
0.0
0.0
0.0
0.0
0.0
0.0
0.0
0.0
0.0
0.0
0.1
0.1
0.1
0.1
0.1
0.1
0.1
0.1
0.1
0.1
0.1
0.1
0.1
0.1
0.0
0.0
0.0
0.0
0.0
0.0
0.0
0.0
0.0
0.0
0.1
0.1
0.1
0.1
0.1
0.1
0.1
0.1
0.1
0.1
0.1
0.1
0.1
0.0
0.0
--------------------------------
2 0
0.0
0.0
0.0
0.0
0.0
0.0
0.0
0.1
0.2
0.2
0.2
0.3
0.3
0.3
0.3
0.3
0.3
0.3
0.2
0.2
0.2
0.2
0.1
0.1
0.1
0.0
0.0
0.0
0.0
0.1
0.1
0.1
0.1
0.1
0.1
0.1
0.1
0.1
0.1
0.2
0.2
0.2
0.2
0.2
0.2
0.2
0.2
0.2
0.1
0.2
0.2
0.1
0.1
0.1
0.1
0.1
0.1
0.1
0.1
0.1
0.1
0.1
0.1
0.0
0.0
0.0
0.0
0.0
0.0
0.0
0.1
0.1
0.1
0.1
0.1
0.1
0.2
0.2
0.2
0.2
0.2
0.2
0.2
0.2
0.1
0.1
0.1
0.2
0.2
0.2
0.2
0.2
0.1
0.1
0.1
0.1
0.1
0.1
0.1
0.1
--------------------------------
2 1
0.1
0.2
0.2
0.2
0.2
0.2
0.2
0.2
0.2
0.2
0.2
0.1
0.1
0.0
0.0
0.0
0.0
0.1
0.1
0.1
0.1
0.1
0.1
0.1
0.1
0.1
0.1
0.1
0.1
0.1
0.1
0.1
0.1
0.1
0.0
0.0
0.1
0.1
0.1
0.1
0.1
0.1
0.1
0.1
0.1
0.1
0.1
0.1
0.2
0.2
0.2
0.1
0.1
0.1
0.1
0.1
0.1
0.1
0.1
0.1
0.1
0.1
0.0
0.0
0.0
0.0
0.0
0.0
0.0
0.0
0.0
0.0
0.0
0.0
0.1
0.1
0.1
0.1
0.1
0.1
0.1
0.1
0.1
0.1
0.2
0.2
0.2
0.2
0.2
0.2
0.1
0.1
0.1
0.1
0.1
0.1
0.0
0.0
0.0
0.0
--------------------------------
3 12
0.0
0.0
0.0
0.0
0.0
0.0
0.0
0.0
0.0
0.0
0.0
0.0
0.0
0.0
0.0
0.0
0.0
0.0
0.0
0.0
0.0
0.1
0.1
0.1
0.2
0.2
0.2
0.2
0.2
0.2
0.2
0.2
0.2
0.2
0.2
0.2
0.2
0.2
0.1
0.1
0.0
0.0
0.0
0.0
0.0
0.0
0.0
0.0
0.0
0.0
0.0
0.0
0.0
0.0
0.0
0.0
0.1
0.1
0.2
0.2
0.2
0.2
0.2
0.2
0.2
0.2
0.2
0.2
0.2
0.3
0.2
0.2
0.2
0.2
0.2
0.2
0.2
0.1
0.1
0.0
0.1
0.1
0.1
0.1
0.1
0.1
0.1
0.1
0.1
0.1
0.1
0.1
0.1
0.1
0.1
0.2
0.2
0.1
0.1
0.1
--------------------------------
4 1
0.0
0.0
0.0
0.0
0.0
0.0
0.0
0.0
0.0
0.0
0.0
0.0
0.0
0.0
0.0
0.0
0.0
0.0
0.0
0.0
0.0
0.1
0.1
0.1
0.1
0.1
0.1
0.1
0.1
0.1
0.1
0.1
0.1
0.1
0.2
0.2
0.2
0.2
0.1
0.1
0.1
0.1
0.2
0.2
0.2
0.2
0.2
0.2
0.2
0.2
0.2
0.2
0.2
0.1
0.1
0.1
0.1
0.1
0.0
0.0
0.0
0.0
0.0
0.0
0.0
0.0
0.0
0.0
0.0
0.0
0.0
0.0
0.0
0.0
0.0
0.0
0.0
0.0
0.0
0.0
0.0
0.0
0.0
0.0
0.0
0.0
0.0
0.0
0.0
0.1
0.1
0.1
0.1
0.1
0.2
0.2
0.2
0.2
0.2
0.2
--------------------------------
4 12
0.0
0.0
0.0
0.0
0.1
0.1
0.1
0.1
0.1
0.1
0.1
0.1
0.1
0.2
0.2
0.2
0.2
0.2
0.3
0.3
0.4
0.3
0.3
0.3
0.3
0.3
0.3
0.2
0.3
0.3
0.3
0.3
0.3
0.3
0.3
0.2
0.2
0.2
0.2
0.1
0.1
0.1
0.1
0.1
0.1
0.1
0.1
0.0
0.0
0.0
0.0
0.0
0.0
0.0
0.0
0.0
0.0
0.0
0.0
0.0
0.0
0.1
0.1
0.1
0.1
0.1
0.1
0.2
0.2
0.2
0.2
0.2
0.2
0.2
0.2
0.1
0.1
0.1
0.1
0.1
0.1
0.1
0.1
0.1
0.0
0.1
0.1
0.1
0.1
0.1
0.1
0.2
0.2
0.2
0.2
0.2
0.2
0.2
0.1
0.1
--------------------------------
5 9
0.0
0.0
0.0
0.0
0.0
0.0
0.0
0.0
0.0
0.0
0.0
0.0
0.0
0.0
0.0
0.0
0.0
0.0
0.0
0.0
0.0
0.0
0.0
0.1
0.1
0.1
0.1
0.1
0.1
0.1
0.1
0.1
0.1
0.1
0.1
0.1
0.1
0.1
0.1
0.0
0.0
0.0
0.0
0.0
0.0
0.0
0.0
0.0
0.0
0.0
0.0
0.0
0.0
0.1
0.1
0.1
0.1
0.1
0.1
0.1
0.1
0.1
0.1
0.1
0.1
0.1
0.1
0.1
0.0
0.0
0.0
0.0
0.0
0.0
0.0
0.0
0.0
0.0
0.0
0.0
0.0
0.0
0.0
0.0
0.0
0.0
0.0
0.0
0.0
0.0
0.0
0.0
0.0
0.0
0.0
0.0
0.1
0.1
0.1
0.1
--------------------------------
5 6
0.0
0.0
0.0
0.0
0.0
0.0
0.1
0.1
0.1
0.1
0.1
0.1
0.1
0.1
0.1
0.1
0.2
0.2
0.2
0.2
0.2
0.2
0.2
0.2
0.2
0.1
0.1
0.1
0.0
0.0
0.0
0.0
0.0
0.1
0.1
0.1
0.1
0.1
0.2
0.2
0.2
0.2
0.2
0.2
0.1
0.2
0.2
0.2
0.2
0.2
0.1
0.1
0.1
0.1
0.1
0.1
0.1
0.1
0.1
0.1
0.1
0.1
0.0
0.0
0.0
0.0
0.0
0.0
0.0
0.0
0.0
0.0
0.0
0.0
0.0
0.0
0.0
0.1
0.1
0.1
0.1
0.1
0.1
0.1
0.1
0.1
0.1
0.1
0.1
0.2
0.1
0.1
0.1
0.1
0.1
0.1
0.1
0.1
0.2
0.2
--------------------------------
6 5
0.0
0.0
0.1
0.1
0.1
0.1
0.1
0.1
0.1
0.1
0.1
0.2
0.2
0.3
0.3
0.3
0.3
0.3
0.3
0.2
0.2
0.2
0.2
0.2
0.2
0.1
0.2
0.1
0.1
0.1
0.1
0.1
0.1
0.1
0.1
0.1
0.1
0.1
0.1
0.2
0.2
0.2
0.2
0.1
0.1
0.1
0.1
0.1
0.1
0.1
0.1
0.0
0.0
0.1
0.1
0.1
0.1
0.1
0.1
0.1
0.1
0.1
0.2
0.2
0.2
0.2
0.2
0.2
0.1
0.1
0.1
0.1
0.1
0.1
0.1
0.0
0.0
0.0
0.0
0.0
0.0
0.1
0.1
0.1
0.1
0.1
0.1
0.1
0.1
0.1
0.1
0.1
0.2
0.1
0.1
0.1
0.1
0.1
0.1
0.1
--------------------------------
6 12
0.0
0.0
0.0
0.0
0.0
0.0
0.1
0.1
0.1
0.1
0.1
0.1
0.1
0.1
0.1
0.1
0.1
0.1
0.1
0.1
0.1
0.1
0.1
0.1
0.1
0.0
0.0
0.0
0.0
0.0
0.0
0.0
0.0
0.1
0.1
0.1
0.1
0.1
0.1
0.1
0.1
0.1
0.1
0.1
0.0
0.0
0.0
0.0
0.0
0.0
0.0
0.0
0.0
0.0
0.0
0.0
0.0
0.0
0.0
0.0
0.0
0.0
0.0
0.0
0.0
0.0
0.0
0.0
0.0
0.0
0.0
0.0
0.0
0.0
0.0
0.0
0.0
0.0
0.0
0.0
0.0
0.0
0.0
0.0
0.0
0.0
0.1
0.1
0.1
0.2
0.2
0.2
0.2
0.2
0.3
0.3
0.3
0.3
0.3
0.3
--------------------------------
6 7
0.0
0.0
0.0
0.0
0.0
0.0
0.0
0.0
0.0
0.0
0.0
0.0
0.0
0.0
0.0
0.1
0.1
0.1
0.1
0.1
0.1
0.1
0.1
0.1
0.1
0.1
0.1
0.0
0.0
0.0
0.0
0.0
0.0
0.0
0.0
0.0
0.0
0.0
0.0
0.0
0.0
0.0
0.0
0.0
0.0
0.0
0.0
0.0
0.0
0.0
0.0
0.0
0.0
0.0
0.0
0.0
0.1
0.1
0.2
0.2
0.2
0.2
0.2
0.2
0.2
0.2
0.2
0.2
0.2
0.2
0.1
0.1
0.1
0.1
0.1
0.1
0.1
0.1
0.1
0.1
0.1
0.1
0.1
0.1
0.1
0.1
0.1
0.1
0.1
0.1
0.0
0.0
0.0
0.0
0.0
0.0
0.0
0.0
0.0
0.0
--------------------------------
7 0
0.1
0.1
0.1
0.1
0.1
0.1
0.1
0.1
0.1
0.2
0.2
0.1
0.1
0.1
0.1
0.1
0.1
0.1
0.1
0.1
0.1
0.1
0.1
0.0
0.0
0.0
0.0
0.1
0.1
0.1
0.1
0.1
0.1
0.1
0.1
0.1
0.2
0.3
0.3
0.3
0.2
0.2
0.2
0.2
0.2
0.2
0.2
0.2
0.1
0.1
0.1
0.0
0.0
0.0
0.0
0.0
0.0
0.0
0.0
0.0
0.0
0.0
0.0
0.0
0.0
0.0
0.0
0.0
0.0
0.0
0.0
0.0
0.0
0.0
0.0
0.0
0.0
0.0
0.0
0.0
0.0
0.0
0.0
0.0
0.0
0.0
0.0
0.0
0.0
0.0
0.0
0.0
0.0
0.0
0.0
0.0
0.0
0.0
0.0
0.1
--------------------------------
7 6
0.0
0.0
0.0
0.0
0.0
0.0
0.0
0.0
0.0
0.0
0.0
0.1
0.1
0.1
0.1
0.1
0.1
0.1
0.1
0.1
0.1
0.1
0.1
0.1
0.1
0.0
0.1
0.1
0.1
0.1
0.1
0.1
0.1
0.1
0.1
0.1
0.1
0.1
0.1
0.2
0.2
0.2
0.2
0.1
0.1
0.1
0.1
0.1
0.1
0.1
0.1
0.0
0.0
0.0
0.0
0.0
0.0
0.0
0.0
0.0
0.0
0.0
0.1
0.1
0.1
0.1
0.1
0.1
0.2
0.2
0.2
0.2
0.2
0.3
0.3
0.2
0.2
0.2
0.2
0.2
0.2
0.3
0.3
0.3
0.3
0.3
0.3
0.3
0.3
0.3
0.2
0.2
0.1
0.0
0.0
0.0
0.0
0.0
0.0
0.0
--------------------------------
8 9
0.0
0.0
0.0
0.0
0.0
0.0
0.0
0.0
0.0
0.0
0.0
0.0
0.0
0.0
0.0
0.0
0.1
0.1
0.1
0.1
0.1
0.1
0.1
0.1
0.1
0.2
0.2
0.2
0.1
0.1
0.2
0.2
0.2
0.2
0.2
0.2
0.2
0.1
0.1
0.1
0.1
0.1
0.1
0.1
0.1
0.2
0.1
0.1
0.1
0.1
0.1
0.1
0.1
0.1
0.1
0.1
0.1
0.1
0.1
0.1
0.1
0.1
0.0
0.0
0.0
0.0
0.0
0.0
0.0
0.0
0.0
0.0
0.0
0.0
0.0
0.0
0.0
0.0
0.0
0.0
0.0
0.0
0.1
0.1
0.1
0.1
0.1
0.1
0.1
0.1
0.1
0.1
0.1
0.2
0.2
0.2
0.2
0.2
0.2
0.1
--------------------------------
9 5
0.0
0.0
0.0
0.0
0.0
0.0
0.0
0.0
0.0
0.0
0.0
0.0
0.0
0.0
0.0
0.0
0.1
0.1
0.1
0.1
0.1
0.1
0.1
0.1
0.1
0.1
0.1
0.1
0.0
0.0
0.1
0.1
0.1
0.1
0.1
0.1
0.1
0.1
0.2
0.2
0.2
0.3
0.3
0.3
0.3
0.4
0.3
0.3
0.3
0.3
0.2
0.2
0.2
0.1
0.1
0.1
0.1
0.1
0.1
0.1
0.1
0.1
0.0
0.0
0.0
0.0
0.0
0.0
0.0
0.0
0.0
0.0
0.0
0.0
0.0
0.0
0.0
0.0
0.0
0.0
0.0
0.0
0.0
0.0
0.0
0.0
0.0
0.0
0.0
0.0
0.0
0.0
0.0
0.0
0.0
0.0
0.0
0.0
0.1
0.1
--------------------------------
9 8
0.0
0.0
0.0
0.0
0.0
0.0
0.0
0.0
0.0
0.0
0.0
0.0
0.0
0.0
0.0
0.0
0.0
0.0
0.0
0.0
0.0
0.0
0.0
0.0
0.0
0.0
0.0
0.0
0.0
0.0
0.0
0.0
0.1
0.1
0.1
0.1
0.1
0.1
0.1
0.1
0.1
0.1
0.1
0.1
0.1
0.1
0.1
0.1
0.1
0.1
0.1
0.1
0.1
0.2
0.2
0.3
0.3
0.3
0.3
0.3
0.3
0.3
0.2
0.3
0.3
0.2
0.2
0.2
0.1
0.2
0.3
0.4
0.4
0.4
0.4
0.4
0.4
0.3
0.3
0.2
0.2
0.2
0.2
0.2
0.1
0.1
0.1
0.1
0.2
0.2
0.1
0.1
0.1
0.1
0.1
0.1
0.1
0.1
0.1
0.1
--------------------------------
9 11
0.0
0.0
0.0
0.0
0.0
0.0
0.0
0.0
0.0
0.0
0.1
0.1
0.1
0.1
0.1
0.1
0.1
0.2
0.2
0.2
0.2
0.2
0.3
0.3
0.3
0.4
0.3
0.3
0.3
0.3
0.3
0.4
0.4
0.4
0.3
0.3
0.3
0.1
0.1
0.1
0.2
0.1
0.1
0.1
0.1
0.1
0.1
0.1
0.1
0.1
0.1
0.1
0.1
0.0
0.0
0.0
0.0
0.1
0.1
0.1
0.1
0.1
0.1
0.1
0.2
0.2
0.2
0.2
0.2
0.2
0.1
0.1
0.1
0.1
0.1
0.1
0.1
0.1
0.1
0.1
0.0
0.0
0.1
0.1
0.1
0.1
0.1
0.1
0.1
0.1
0.1
0.1
0.1
0.2
0.2
0.2
0.3
0.3
0.3
0.2
--------------------------------
10 11
0.0
0.0
0.0
0.0
0.0
0.0
0.0
0.0
0.0
0.0
0.0
0.0
0.0
0.0
0.0
0.0
0.0
0.0
0.0
0.1
0.1
0.1
0.1
0.1
0.1
0.1
0.1
0.1
0.1
0.1
0.1
0.1
0.2
0.1
0.1
0.1
0.1
0.1
0.1
0.1
0.1
0.2
0.2
0.1
0.1
0.1
0.1
0.1
0.1
0.1
0.1
0.1
0.1
0.0
0.0
0.0
0.0
0.0
0.0
0.0
0.0
0.0
0.0
0.0
0.0
0.0
0.0
0.0
0.0
0.0
0.0
0.1
0.1
0.1
0.1
0.1
0.1
0.1
0.1
0.2
0.2
0.2
0.2
0.2
0.2
0.2
0.2
0.2
0.2
0.2
0.1
0.1
0.1
0.1
0.1
0.0
0.0
0.1
0.1
0.1
--------------------------------
11 0
0.0
0.1
0.1
0.1
0.1
0.2
0.2
0.2
0.2
0.2
0.2
0.2
0.2
0.1
0.1
0.1
0.1
0.2
0.2
0.1
0.1
0.1
0.1
0.1
0.1
0.1
0.1
0.1
0.1
0.1
0.1
0.1
0.1
0.1
0.0
0.0
0.0
0.0
0.0
0.0
0.0
0.0
0.0
0.0
0.1
0.1
0.2
0.2
0.2
0.2
0.3
0.4
0.4
0.4
0.4
0.4
0.4
0.4
0.4
0.4
0.4
0.4
0.3
0.3
0.4
0.3
0.4
0.3
0.3
0.3
0.2
0.2
0.2
0.2
0.2
0.3
0.3
0.3
0.3
0.4
0.3
0.3
0.3
0.3
0.3
0.2
0.2
0.2
0.2
0.2
0.2
0.2
0.2
0.2
0.2
0.2
0.2
0.3
0.3
0.3
--------------------------------
11 9
0.0
0.0
0.0
0.0
0.0
0.0
0.0
0.0
0.1
0.1
0.1
0.1
0.1
0.1
0.1
0.1
0.1
0.1
0.0
0.0
0.0
0.0
0.0
0.0
0.0
0.0
0.0
0.0
0.0
0.1
0.1
0.1
0.2
0.2
0.2
0.2
0.2
0.2
0.2
0.2
0.2
0.3
0.3
0.3
0.3
0.3
0.3
0.3
0.2
0.2
0.2
0.2
0.3
0.2
0.2
0.3
0.3
0.3
0.3
0.3
0.3
0.3
0.2
0.3
0.3
0.2
0.2
0.3
0.3
0.4
0.4
0.5
0.5
0.5
0.5
0.5
0.5
0.4
0.4
0.3
0.3
0.3
0.3
0.3
0.1
0.1
0.1
0.1
0.2
0.2
0.1
0.1
0.1
0.1
0.1
0.1
0.1
0.1
0.1
0.1
--------------------------------
11 10
0.0
0.0
0.0
0.0
0.0
0.0
0.0
0.1
0.1
0.1
0.2
0.2
0.2
0.2
0.2
0.2
0.2
0.2
0.2
0.2
0.2
0.2
0.2
0.2
0.2
0.2
0.1
0.2
0.2
0.2
0.2
0.3
0.3
0.3
0.3
0.3
0.3
0.3
0.3
0.3
0.2
0.1
0.1
0.1
0.1
0.1
0.1
0.1
0.0
0.0
0.0
0.0
0.0
0.0
0.0
0.0
0.0
0.0
0.0
0.0
0.0
0.0
0.0
0.0
0.0
0.0
0.0
0.0
0.0
0.0
0.0
0.0
0.0
0.0
0.0
0.0
0.0
0.0
0.0
0.0
0.0
0.0
0.0
0.0
0.0
0.0
0.0
0.0
0.0
0.0
0.0
0.0
0.0
0.0
0.0
0.0
0.1
0.1
0.1
0.1
--------------------------------
11 12
0.0
0.0
0.0
0.0
0.0
0.0
0.0
0.0
0.0
0.0
0.0
0.0
0.1
0.1
0.2
0.2
0.2
0.2
0.2
0.3
0.3
0.3
0.3
0.3
0.2
0.2
0.1
0.1
0.1
0.1
0.1
0.1
0.1
0.0
0.0
0.1
0.1
0.1
0.1
0.1
0.2
0.2
0.2
0.2
0.2
0.2
0.2
0.2
0.2
0.2
0.2
0.2
0.2
0.1
0.1
0.1
0.1
0.1
0.1
0.2
0.3
0.3
0.3
0.3
0.3
0.3
0.3
0.3
0.3
0.3
0.2
0.1
0.1
0.1
0.1
0.1
0.2
0.2
0.2
0.2
0.2
0.2
0.2
0.1
0.1
0.1
0.1
0.1
0.1
0.1
0.1
0.1
0.0
0.0
0.0
0.0
0.0
0.0
0.0
0.0
--------------------------------
12 3
0.0
0.0
0.0
0.0
0.0
0.0
0.0
0.0
0.0
0.0
0.0
0.0
0.1
0.1
0.2
0.2
0.2
0.2
0.3
0.4
0.4
0.4
0.4
0.4
0.3
0.3
0.2
0.2
0.2
0.2
0.2
0.2
0.2
0.2
0.2
0.1
0.1
0.1
0.1
0.1
0.1
0.1
0.1
0.1
0.0
0.0
0.0
0.0
0.0
0.0
0.0
0.0
0.0
0.0
0.0
0.0
0.0
0.0
0.0
0.0
0.0
0.1
0.1
0.1
0.1
0.1
0.1
0.1
0.1
0.1
0.1
0.1
0.1
0.1
0.1
0.0
0.1
0.1
0.1
0.1
0.1
0.1
0.1
0.1
0.1
0.2
0.2
0.2
0.2
0.2
0.2
0.2
0.1
0.1
0.1
0.1
0.1
0.1
0.0
0.0
--------------------------------
12 4
0.0
0.0
0.0
0.0
0.0
0.0
0.1
0.1
0.1
0.1
0.1
0.1
0.1
0.1
0.1
0.1
0.1
0.1
0.1
0.1
0.1
0.2
0.2
0.2
0.2
0.1
0.1
0.1
0.1
0.1
0.1
0.1
0.1
0.1
0.1
0.1
0.1
0.1
0.0
0.0
0.1
0.1
0.1
0.1
0.1
0.1
0.1
0.1
0.1
0.1
0.1
0.1
0.1
0.0
0.0
0.0
0.0
0.0
0.0
0.0
0.0
0.0
0.0
0.0
0.0
0.0
0.0
0.0
0.0
0.0
0.0
0.0
0.0
0.0
0.0
0.0
0.0
0.0
0.0
0.0
0.0
0.0
0.0
0.0
0.0
0.0
0.0
0.0
0.0
0.1
0.1
0.1
0.1
0.1
0.2
0.2
0.2
0.2
0.2
0.2
--------------------------------
12 6
0.0
0.0
0.0
0.1
0.1
0.1
0.1
0.1
0.1
0.1
0.1
0.1
0.1
0.2
0.2
0.2
0.2
0.1
0.1
0.1
0.2
0.2
0.2
0.2
0.2
0.2
0.2
0.1
0.2
0.2
0.2
0.2
0.2
0.2
0.2
0.2
0.2
0.2
0.2
0.1
0.1
0.1
0.1
0.1
0.1
0.1
0.1
0.0
0.0
0.0
0.0
0.0
0.0
0.0
0.0
0.0
0.1
0.1
0.2
0.3
0.3
0.3
0.3
0.3
0.3
0.4
0.4
0.4
0.4
0.4
0.3
0.2
0.2
0.2
0.2
0.2
0.2
0.1
0.1
0.1
0.1
0.1
0.1
0.0
0.0
0.0
0.0
0.0
0.0
0.0
0.1
0.1
0.2
0.2
0.2
0.2
0.2
0.2
0.2
0.2
--------------------------------
12 11
0.0
0.0
0.0
0.0
0.0
0.0
0.0
0.0
0.0
0.0
0.0
0.0
0.0
0.0
0.0
0.0
0.0
0.0
0.0
0.0
0.0
0.0
0.0
0.0
0.0
0.0
0.0
0.0
0.0
0.0
0.0
0.0
0.0
0.0
0.0
0.0
0.0
0.0
0.0
0.0
0.0
0.0
0.0
0.0
0.0
0.0
0.0
0.0
0.0
0.0
0.0
0.0
0.1
0.1
0.1
0.1
0.1
0.1
0.1
0.1
0.1
0.1
0.1
0.1
0.1
0.1
0.1
0.2
0.2
0.3
0.2
0.2
0.2
0.2
0.2
0.2
0.2
0.2
0.2
0.1
0.1
0.1
0.1
0.2
0.1
0.1
0.2
0.2
0.2
0.2
0.2
0.2
0.2
0.1
0.1
0.2
0.2
0.2
0.2
0.2
--------------------------------
Blocked Requests
0
0
0
0
0
0
0
0
0
0
0
0
0
0
0
0
0
0
0
0
0
0
0
0
0
0
0
0
0
0
0
0
0
0
0
0
0
0
0
0
0
0
0
0
0
0
0
0
0
0
0
0
0
0
0
0
0
0
0
0
0
0
0
0
0
0
0
0
0
0
0
0
0
0
0
0
0
0
0
0
0
0
0
0
0
0
0
0
0
0
0
0
0
0
0
0
0
0
0
0
Network utilization :  0.10983333333333326
